5019536742
5019536742
5019536742
5019536742
5019536742
5019536742
1618681985
19674339425119012216
5019536742
1790648615
1844153046
1844153046
5119012216
1432255225
5573764361
5073644696
5774570631
5774570631
5019536742
2079077381
5785457763
5015843126
2038936517
5476481424
5494051938
5126949919
1771989946
5813728856
5490149929
1495373449
5750586305
6002225835
5199273106
1485432882
6002225835
5386674268
1757949204
5073644696
1350601630
1274401635
1238636763
5225762569
5119012216
5692130355
5486555793
5705918614
5080842058
5769939295
5651158249
2064853253
5534387168
5152262126
51662533312145430286
5902835502
6165368945
1481126596
5125856731
5125856731
6118254896
5125856731
5705766693
5629056050
5386674268
5019536742
1205717709
6042729232
5976262965
5950696862
1935450359
1731293471
5968158782
5232004197
5262328830
5023454420
5118748545
986744660
5186470616
1241153536
5803244967
5733179794
5837542054
1585277504
5955643115
5930490722
5212230917
1535350304
6069016435
1269689765
6001923665
5622648117
1609214800
2126646934
5894303190
5827678981
5410153778
2097715367
5683242653
5421590748
1946197214
5565845709
5082075827
1580254770
5693387094
1660297617
1823210994
5161219003
2084401909
2085593894
1691696218
5654859547
1202429590
5146471760
5779958281
5240380459
5557444118
2058377511
6044063826
1635721629
1143100739
6260063742
5325412762
5987397369
5956861157
6192711021
5182922896
5722561272
1890345650
855166463
5409491620
5643723066
5211416744
649676019
6040706535
6078414932
5117361596
924912299
1808915753
942756186
760838943
1052046554
5262594305
1482043085
2055279472
5634272830
5346872103
6021258707
6235537114
5712912512
5362176219
5724341229
5051866269
5578424620
5664612329
2012851082
1833120058
1849515304
5405897354
5928388189
5548600278
2005098870
5107015040
1989408126
1916624393
5734523059
5802348425
6174061188
5351519111
1691610896
2037043349
800876644
6275360761
5393447207
1819751231
1792773411
1769752029
2095658514
1364828437
5006337920
5380372642
5657846705
5557444118
1241153536
5112557368
5565845709
6001923665
1580254770
